26
0 0 0 174 0 0 0 174
0 0 124 0 0 0 124 0
124 0 124 174 124 0 124 174
0 174 124 174 0 174 124 174
29 82 41 113 36 66 41 94
41 113 52 124 41 94 52 108
52 124 72 123 52 108 72 109
72 123 82 108 72 109 82 92
82 108 81 74 82 93 86 63
44 123 77 165 44 110 70 134
77 165 91 124 70 134 82 110
33 81 46 80 43 64 54 64
32 75 46 71 40 59 52 56
60 77 73 75 68 64 79 64
58 70 74 66 67 57 80 56
48 110 58 112 51 91 62 100
58 112 68 108 62 100 72 90
68 108 56 107 72 90 62 89
56 107 48 110 62 89 51 91
20 71 38 16 26 59 44 23
38 16 75 20 44 23 86 28
75 20 92 68 86 28 96 64
0 146 40 118 0 126 40 102
88 110 124 126 82 106 124 126
52 85 55 98 62 68 62 82
36 70 65 56 46 42 76 52